0,牡东宁水岸明珠-HLH,,299003,,306001,306,2303,,,2,MFE394A,126.538055,45.694166,048FFB00,0,048FFB,,,,4,,,,
0,4PEEJ-BE-HLH,,298877,,313008,313,2303,,,3,MF3683A,126.492777,45.644166,048F7D00,0,048F7D,,,,4
1,AE0029_022加加区安悦小区S-DLW,,311145,,1201101,1201,2312,,,1,AE0029A,126.619558,45.725803,04BF6901,1,04BF69,,201901,
1,AF0016_023_加加区五校合一-DLH,,302672,,1201101,1201,2312,,,1,AF0016A,126.701725,45.779018,49E5001,1,4.90E+51,,,201901,4,,
1,AF0066_022_加加区长虹工商所-DLH,,302649,,1201101,1201,2312,,,1,AF0066A,126.7144,45.72462,049E3901,1,4.90E+40,,201901,4,,
1,AF012_022_加加区兴安家园1-DLH,,302653,,1201101,1201,2312,,,1,AF0112A,126.502908,45.726372,49E3D01,1,49E3D,,,201901,4,
1,AF0120_022_加加区东岭嘉苑2-DLH,,302702,,1201101,1201,2312,,,1,AF0120A,126.64558,45.81872,049E6E01,1,049E6E,,,201901,
1,AFA012__A90_加呼玛老道店-DLH,,435374,,1204102,1204,2312,,,4,AFA012A,126.699668,45.76685,6A4AE01,1,6A4AE,,,201901,4,,，
1,AFA076_A90_加呼玛上老卡村F-DLH,,440357,,1204102,1204,2312,,,4,AFA018A,126.496688,45.681426,06B82501,1,06B825,,,201901,4,,,,
1,AFB006_B52_加漠河漠河3号-DLH,,302715,,1203101,1203,2312,,,2,AFB006A,126.52885,45.76292,49E7B01,1,49E7B,,,201901,4
